  0
SECTION
  2
HEADER
  9
$ACADVER
  1
AC1014
  9
$HANDSEED
  5
FFFF
  9
$INSUNITS
 70
     4
  9
$MEASUREMENT
 70
     1
  0
ENDSEC
  0
SECTION
  2
TABLES
  0
TABLE
  2
VPORT
  5
8
330
0
100
AcDbSymbolTable
 70
     4
  0
VPORT
  5
2E
330
8
100
AcDbSymbolTableRecord
100
AcDbViewportTableRecord
  2
*ACTIVE
 70
     0
 10
0.0
 20
0.0
 11
1.0
 21
1.0
 12
210.0
 22
148.5
 13
0.0
 23
0.0
 14
10.0
 24
10.0
 15
10.0
 25
10.0
 16
0.0
 26
0.0
 36
1.0
 17
0.0
 27
0.0
 37
0.0
 40
341.0
 41
1.24
 42
50.0
 43
0.0
 44
0.0
 50
0.0
 51
0.0
 71
     0
 72
   100
 73
     1
 74
     3
 75
     0
 76
     0
 77
     0
 78
     0
  0
ENDTAB
  0
TABLE
  2
LTYPE
  5
5
330
0
100
AcDbSymbolTable
 70
     1
  0
LTYPE
  5
14
330
5
100
AcDbSymbolTableRecord
100
AcDbLinetypeTableRecord
  2
BYBLOCK
 70
     0
  3

 72
    65
 73
     0
 40
0.0
  0
LTYPE
  5
15
330
5
100
AcDbSymbolTableRecord
100
AcDbLinetypeTableRecord
  2
BYLAYER
 70
     0
  3

 72
    65
 73
     0
 40
0.0
  0
LTYPE
  5
16
330
5
100
AcDbSymbolTableRecord
100
AcDbLinetypeTableRecord
  2
CONTINUOUS
 70
     0
  3
Solid line
 72
    65
 73
     0
 40
0.0
  0
ENDTAB
  0
TABLE
  2
LAYER
  5
2
100
AcDbSymbolTable
 70
4
  0
LAYER
  5
50
100
AcDbSymbolTableRecord
100
AcDbLayerTableRecord
  2
0
 70
0
  6
CONTINUOUS
  0
LAYER
  5
51
100
AcDbSymbolTableRecord
100
AcDbLayerTableRecord
  2
Panel
 70
0
  6
CONTINUOUS
  0
LAYER
  5
52
100
AcDbSymbolTableRecord
100
AcDbLayerTableRecord
  2
Cutouts
 70
0
  6
CONTINUOUS
  0
LAYER
  5
53
100
AcDbSymbolTableRecord
100
AcDbLayerTableRecord
  2
Decals
 70
0
  6
CONTINUOUS
  0
ENDTAB
  0
TABLE
  2
STYLE
  5
3
330
0
100
AcDbSymbolTable
 70
     1
  0
STYLE
  5
11
330
3
100
AcDbSymbolTableRecord
100
AcDbTextStyleTableRecord
  2
STANDARD
 70
     0
 40
0.0
 41
1.0
 50
0.0
 71
     0
 42
2.5
  3
txt
  4

  0
ENDTAB
  0
TABLE
  2
VIEW
  5
6
330
0
100
AcDbSymbolTable
 70
     0
  0
ENDTAB
  0
TABLE
  2
UCS
  5
7
330
0
100
AcDbSymbolTable
 70
     0
  0
ENDTAB
  0
TABLE
  2
APPID
  5
9
330
0
100
AcDbSymbolTable
 70
     2
  0
APPID
  5
12
330
9
100
AcDbSymbolTableRecord
100
AcDbRegAppTableRecord
  2
ACAD
 70
     0
  0
ENDTAB
  0
TABLE
  2
DIMSTYLE
  5
A
330
0
100
AcDbSymbolTable
 70
     1
  0
DIMSTYLE
105
27
330
A
100
AcDbSymbolTableRecord
100
AcDbDimStyleTableRecord
  2
ISO-25
 70
     0
  3

  4

  5

  6

  7

 40
1.0
 41
2.5
 42
0.625
 43
3.75
 44
1.25
 45
0.0
 46
0.0
 47
0.0
 48
0.0
140
2.5
141
2.5
142
0.0
143
0.03937007874016
144
1.0
145
0.0
146
1.0
147
0.625
 71
     0
 72
     0
 73
     0
 74
     0
 75
     0
 76
     0
 77
     1
 78
     8
170
     0
171
     3
172
     1
173
     0
174
     0
175
     0
176
     0
177
     0
178
     0
270
     2
271
     2
272
     2
273
     2
274
     3
340
11
275
     0
280
     0
281
     0
282
     0
283
     0
284
     8
285
     0
286
     0
287
     3
288
     0
  0
ENDTAB
  0
TABLE
  2
BLOCK_RECORD
  5
1
330
0
100
AcDbSymbolTable
 70
     1
  0
BLOCK_RECORD
  5
1F
330
1
100
AcDbSymbolTableRecord
100
AcDbBlockTableRecord
  2
*MODEL_SPACE
  0
BLOCK_RECORD
  5
1B
330
1
100
AcDbSymbolTableRecord
100
AcDbBlockTableRecord
  2
*PAPER_SPACE
  0
ENDTAB
  0
ENDSEC
  0
SECTION
  2
BLOCKS
  0
BLOCK
  5
20
330
1F
100
AcDbEntity
  8
0
100
AcDbBlockBegin
  2
*MODEL_SPACE
 70
     0
 10
0.0
 20
0.0
 30
0.0
  3
*MODEL_SPACE
  1

  0
ENDBLK
  5
21
330
1F
100
AcDbEntity
  8
0
100
AcDbBlockEnd
  0
BLOCK
  5
1C
330
1B
100
AcDbEntity
 67
     1
  8
0
100
AcDbBlockBegin
  2
*PAPER_SPACE
  1

  0
ENDBLK
  5
1D
330
1B
100
AcDbEntity
 67
     1
  8
0
100
AcDbBlockEnd
  0
ENDSEC
  0
SECTION
  2
ENTITIES
  0
SPLINE
  5
100
100
AcDbEntity
  8
Cutouts
 62
7
100
AcDbSpline
 70
8
 71
3
 72
8
 73
4
 74
0
 40
0
 40
0
 40
0
 40
0
 40
1
 40
1
 40
1
 40
1
 10
65.196480
 20
121.619160
 30
0.0
 10
63.174169
 20
121.619160
 30
0.0
 10
61.350987
 20
120.400949
 30
0.0
 10
60.577082
 20
118.532577
 30
0.0
  0
SPLINE
  5
101
100
AcDbEntity
  8
Cutouts
 62
7
100
AcDbSpline
 70
8
 71
3
 72
8
 73
4
 74
0
 40
0
 40
0
 40
0
 40
0
 40
1
 40
1
 40
1
 40
1
 10
60.577082
 20
118.532577
 30
0.0
 10
59.803177
 20
116.664205
 30
0.0
 10
60.230956
 20
114.513616
 30
0.0
 10
61.660946
 20
113.083626
 30
0.0
  0
SPLINE
  5
102
100
AcDbEntity
  8
Cutouts
 62
7
100
AcDbSpline
 70
8
 71
3
 72
8
 73
4
 74
0
 40
0
 40
0
 40
0
 40
0
 40
1
 40
1
 40
1
 40
1
 10
61.660946
 20
113.083626
 30
0.0
 10
63.090936
 20
111.653636
 30
0.0
 10
65.241525
 20
111.225857
 30
0.0
 10
67.109897
 20
111.999762
 30
0.0
  0
SPLINE
  5
103
100
AcDbEntity
  8
Cutouts
 62
7
100
AcDbSpline
 70
8
 71
3
 72
8
 73
4
 74
0
 40
0
 40
0
 40
0
 40
0
 40
1
 40
1
 40
1
 40
1
 10
67.109897
 20
111.999762
 30
0.0
 10
68.978269
 20
112.773667
 30
0.0
 10
70.196480
 20
114.596849
 30
0.0
 10
70.196480
 20
116.619160
 30
0.0
  0
SPLINE
  5
104
100
AcDbEntity
  8
Cutouts
 62
7
100
AcDbSpline
 70
8
 71
3
 72
8
 73
4
 74
0
 40
0
 40
0
 40
0
 40
0
 40
1
 40
1
 40
1
 40
1
 10
70.196480
 20
116.619160
 30
0.0
 10
70.196480
 20
117.945242
 30
0.0
 10
69.669696
 20
119.217012
 30
0.0
 10
68.732014
 20
120.154694
 30
0.0
  0
SPLINE
  5
105
100
AcDbEntity
  8
Cutouts
 62
7
100
AcDbSpline
 70
8
 71
3
 72
8
 73
4
 74
0
 40
0
 40
0
 40
0
 40
0
 40
1
 40
1
 40
1
 40
1
 10
68.732014
 20
120.154694
 30
0.0
 10
67.794332
 20
121.092376
 30
0.0
 10
66.522562
 20
121.619160
 30
0.0
 10
65.196480
 20
121.619160
 30
0.0
  0
LWPOLYLINE
  5
106
100
AcDbEntity
  8
Panel
 62
7
100
AcDbPolyline
 90
4
 70
1
 10
46.346474
 20
225.543922
 30
0.0
 10
71.346474
 20
225.543922
 30
0.0
 10
71.346474
 20
97.043922
 30
0.0
 10
46.346474
 20
97.043922
 30
0.0
  0
SPLINE
  5
107
100
AcDbEntity
  8
Cutouts
 62
7
100
AcDbSpline
 70
8
 71
3
 72
8
 73
4
 74
0
 40
0
 40
0
 40
0
 40
0
 40
1
 40
1
 40
1
 40
1
 10
58.846474
 20
177.196590
 30
0.0
 10
57.633087
 20
177.196590
 30
0.0
 10
56.539178
 20
176.465663
 30
0.0
 10
56.074835
 20
175.344640
 30
0.0
  0
SPLINE
  5
108
100
AcDbEntity
  8
Cutouts
 62
7
100
AcDbSpline
 70
8
 71
3
 72
8
 73
4
 74
0
 40
0
 40
0
 40
0
 40
0
 40
1
 40
1
 40
1
 40
1
 10
56.074835
 20
175.344640
 30
0.0
 10
55.610492
 20
174.223617
 30
0.0
 10
55.867160
 20
172.933264
 30
0.0
 10
56.725154
 20
172.075270
 30
0.0
  0
SPLINE
  5
109
100
AcDbEntity
  8
Cutouts
 62
7
100
AcDbSpline
 70
8
 71
3
 72
8
 73
4
 74
0
 40
0
 40
0
 40
0
 40
0
 40
1
 40
1
 40
1
 40
1
 10
56.725154
 20
172.075270
 30
0.0
 10
57.583148
 20
171.217276
 30
0.0
 10
58.873501
 20
170.960608
 30
0.0
 10
59.994524
 20
171.424951
 30
0.0
  0
SPLINE
  5
10a
100
AcDbEntity
  8
Cutouts
 62
7
100
AcDbSpline
 70
8
 71
3
 72
8
 73
4
 74
0
 40
0
 40
0
 40
0
 40
0
 40
1
 40
1
 40
1
 40
1
 10
59.994524
 20
171.424951
 30
0.0
 10
61.115547
 20
171.889294
 30
0.0
 10
61.846474
 20
172.983203
 30
0.0
 10
61.846474
 20
174.196590
 30
0.0
  0
SPLINE
  5
10b
100
AcDbEntity
  8
Cutouts
 62
7
100
AcDbSpline
 70
8
 71
3
 72
8
 73
4
 74
0
 40
0
 40
0
 40
0
 40
0
 40
1
 40
1
 40
1
 40
1
 10
61.846474
 20
174.196590
 30
0.0
 10
61.846474
 20
174.992239
 30
0.0
 10
61.530403
 20
175.755301
 30
0.0
 10
60.967794
 20
176.317910
 30
0.0
  0
SPLINE
  5
10c
100
AcDbEntity
  8
Cutouts
 62
7
100
AcDbSpline
 70
8
 71
3
 72
8
 73
4
 74
0
 40
0
 40
0
 40
0
 40
0
 40
1
 40
1
 40
1
 40
1
 10
60.967794
 20
176.317910
 30
0.0
 10
60.405185
 20
176.880519
 30
0.0
 10
59.642123
 20
177.196590
 30
0.0
 10
58.846474
 20
177.196590
 30
0.0
  0
LWPOLYLINE
  5
10d
100
AcDbEntity
  8
Cutouts
 62
7
100
AcDbPolyline
 90
1
 70
1
 10
65.196480
 20
121.619160
 30
0.0
  0
SPLINE
  5
10e
100
AcDbEntity
  8
Cutouts
 62
7
100
AcDbSpline
 70
8
 71
3
 72
8
 73
4
 74
0
 40
0
 40
0
 40
0
 40
0
 40
1
 40
1
 40
1
 40
1
 10
53.846565
 20
223.682748
 30
0.0
 10
53.385991
 20
223.682748
 30
0.0
 10
52.970768
 20
223.405304
 30
0.0
 10
52.794514
 20
222.979789
 30
0.0
  0
SPLINE
  5
10f
100
AcDbEntity
  8
Cutouts
 62
7
100
AcDbSpline
 70
8
 71
3
 72
8
 73
4
 74
0
 40
0
 40
0
 40
0
 40
0
 40
1
 40
1
 40
1
 40
1
 10
52.794514
 20
222.979789
 30
0.0
 10
52.618260
 20
222.554273
 30
0.0
 10
52.715685
 20
222.064483
 30
0.0
 10
53.041360
 20
221.738808
 30
0.0
  0
SPLINE
  5
110
100
AcDbEntity
  8
Cutouts
 62
7
100
AcDbSpline
 70
8
 71
3
 72
8
 73
4
 74
0
 40
0
 40
0
 40
0
 40
0
 40
1
 40
1
 40
1
 40
1
 10
53.041360
 20
221.738808
 30
0.0
 10
53.367035
 20
221.413132
 30
0.0
 10
53.856824
 20
221.315707
 30
0.0
 10
54.282339
 20
221.491961
 30
0.0
  0
SPLINE
  5
111
100
AcDbEntity
  8
Cutouts
 62
7
100
AcDbSpline
 70
8
 71
3
 72
8
 73
4
 74
0
 40
0
 40
0
 40
0
 40
0
 40
1
 40
1
 40
1
 40
1
 10
54.282339
 20
221.491961
 30
0.0
 10
54.707854
 20
221.668215
 30
0.0
 10
54.985297
 20
222.083439
 30
0.0
 10
54.985297
 20
222.544014
 30
0.0
  0
SPLINE
  5
112
100
AcDbEntity
  8
Cutouts
 62
7
100
AcDbSpline
 70
8
 71
3
 72
8
 73
4
 74
0
 40
0
 40
0
 40
0
 40
0
 40
1
 40
1
 40
1
 40
1
 10
54.985297
 20
222.544014
 30
0.0
 10
54.985297
 20
222.846025
 30
0.0
 10
54.865324
 20
223.135666
 30
0.0
 10
54.651770
 20
223.349220
 30
0.0
  0
SPLINE
  5
113
100
AcDbEntity
  8
Cutouts
 62
7
100
AcDbSpline
 70
8
 71
3
 72
8
 73
4
 74
0
 40
0
 40
0
 40
0
 40
0
 40
1
 40
1
 40
1
 40
1
 10
54.651770
 20
223.349220
 30
0.0
 10
54.438216
 20
223.562774
 30
0.0
 10
54.148576
 20
223.682748
 30
0.0
 10
53.846565
 20
223.682748
 30
0.0
  0
LWPOLYLINE
  5
114
100
AcDbEntity
  8
Cutouts
 62
7
100
AcDbPolyline
 90
1
 70
1
 10
58.846474
 20
177.196590
 30
0.0
  0
SPLINE
  5
115
100
AcDbEntity
  8
Cutouts
 62
7
100
AcDbSpline
 70
8
 71
3
 72
8
 73
4
 74
0
 40
0
 40
0
 40
0
 40
0
 40
1
 40
1
 40
1
 40
1
 10
53.846565
 20
101.182754
 30
0.0
 10
53.385991
 20
101.182754
 30
0.0
 10
52.970768
 20
100.905310
 30
0.0
 10
52.794514
 20
100.479795
 30
0.0
  0
SPLINE
  5
116
100
AcDbEntity
  8
Cutouts
 62
7
100
AcDbSpline
 70
8
 71
3
 72
8
 73
4
 74
0
 40
0
 40
0
 40
0
 40
0
 40
1
 40
1
 40
1
 40
1
 10
52.794514
 20
100.479795
 30
0.0
 10
52.618260
 20
100.054279
 30
0.0
 10
52.715685
 20
99.564489
 30
0.0
 10
53.041360
 20
99.238814
 30
0.0
  0
SPLINE
  5
117
100
AcDbEntity
  8
Cutouts
 62
7
100
AcDbSpline
 70
8
 71
3
 72
8
 73
4
 74
0
 40
0
 40
0
 40
0
 40
0
 40
1
 40
1
 40
1
 40
1
 10
53.041360
 20
99.238814
 30
0.0
 10
53.367035
 20
98.913138
 30
0.0
 10
53.856824
 20
98.815713
 30
0.0
 10
54.282339
 20
98.991967
 30
0.0
  0
SPLINE
  5
118
100
AcDbEntity
  8
Cutouts
 62
7
100
AcDbSpline
 70
8
 71
3
 72
8
 73
4
 74
0
 40
0
 40
0
 40
0
 40
0
 40
1
 40
1
 40
1
 40
1
 10
54.282339
 20
98.991967
 30
0.0
 10
54.707854
 20
99.168221
 30
0.0
 10
54.985297
 20
99.583445
 30
0.0
 10
54.985297
 20
100.044020
 30
0.0
  0
SPLINE
  5
119
100
AcDbEntity
  8
Cutouts
 62
7
100
AcDbSpline
 70
8
 71
3
 72
8
 73
4
 74
0
 40
0
 40
0
 40
0
 40
0
 40
1
 40
1
 40
1
 40
1
 10
54.985297
 20
100.044020
 30
0.0
 10
54.985297
 20
100.346031
 30
0.0
 10
54.865324
 20
100.635672
 30
0.0
 10
54.651770
 20
100.849226
 30
0.0
  0
SPLINE
  5
11a
100
AcDbEntity
  8
Cutouts
 62
7
100
AcDbSpline
 70
8
 71
3
 72
8
 73
4
 74
0
 40
0
 40
0
 40
0
 40
0
 40
1
 40
1
 40
1
 40
1
 10
54.651770
 20
100.849226
 30
0.0
 10
54.438216
 20
101.062780
 30
0.0
 10
54.148576
 20
101.182754
 30
0.0
 10
53.846565
 20
101.182754
 30
0.0
  0
LWPOLYLINE
  5
11b
100
AcDbEntity
  8
Cutouts
 62
7
100
AcDbPolyline
 90
1
 70
1
 10
53.846565
 20
223.682748
 30
0.0
  0
SPLINE
  5
11c
100
AcDbEntity
  8
Cutouts
 62
7
100
AcDbSpline
 70
8
 71
3
 72
8
 73
4
 74
0
 40
0
 40
0
 40
0
 40
0
 40
1
 40
1
 40
1
 40
1
 10
58.846474
 20
193.647220
 30
0.0
 10
57.633087
 20
193.647220
 30
0.0
 10
56.539178
 20
192.916293
 30
0.0
 10
56.074835
 20
191.795270
 30
0.0
  0
SPLINE
  5
11d
100
AcDbEntity
  8
Cutouts
 62
7
100
AcDbSpline
 70
8
 71
3
 72
8
 73
4
 74
0
 40
0
 40
0
 40
0
 40
0
 40
1
 40
1
 40
1
 40
1
 10
56.074835
 20
191.795270
 30
0.0
 10
55.610492
 20
190.674247
 30
0.0
 10
55.867160
 20
189.383894
 30
0.0
 10
56.725154
 20
188.525900
 30
0.0
  0
SPLINE
  5
11e
100
AcDbEntity
  8
Cutouts
 62
7
100
AcDbSpline
 70
8
 71
3
 72
8
 73
4
 74
0
 40
0
 40
0
 40
0
 40
0
 40
1
 40
1
 40
1
 40
1
 10
56.725154
 20
188.525900
 30
0.0
 10
57.583148
 20
187.667906
 30
0.0
 10
58.873501
 20
187.411238
 30
0.0
 10
59.994524
 20
187.875581
 30
0.0
  0
SPLINE
  5
11f
100
AcDbEntity
  8
Cutouts
 62
7
100
AcDbSpline
 70
8
 71
3
 72
8
 73
4
 74
0
 40
0
 40
0
 40
0
 40
0
 40
1
 40
1
 40
1
 40
1
 10
59.994524
 20
187.875581
 30
0.0
 10
61.115547
 20
188.339924
 30
0.0
 10
61.846474
 20
189.433833
 30
0.0
 10
61.846474
 20
190.647220
 30
0.0
  0
SPLINE
  5
120
100
AcDbEntity
  8
Cutouts
 62
7
100
AcDbSpline
 70
8
 71
3
 72
8
 73
4
 74
0
 40
0
 40
0
 40
0
 40
0
 40
1
 40
1
 40
1
 40
1
 10
61.846474
 20
190.647220
 30
0.0
 10
61.846474
 20
191.442869
 30
0.0
 10
61.530403
 20
192.205931
 30
0.0
 10
60.967794
 20
192.768540
 30
0.0
  0
SPLINE
  5
121
100
AcDbEntity
  8
Cutouts
 62
7
100
AcDbSpline
 70
8
 71
3
 72
8
 73
4
 74
0
 40
0
 40
0
 40
0
 40
0
 40
1
 40
1
 40
1
 40
1
 10
60.967794
 20
192.768540
 30
0.0
 10
60.405185
 20
193.331149
 30
0.0
 10
59.642123
 20
193.647220
 30
0.0
 10
58.846474
 20
193.647220
 30
0.0
  0
LWPOLYLINE
  5
122
100
AcDbEntity
  8
Cutouts
 62
7
100
AcDbPolyline
 90
1
 70
1
 10
53.846565
 20
101.182754
 30
0.0
  0
SPLINE
  5
123
100
AcDbEntity
  8
Cutouts
 62
7
100
AcDbSpline
 70
8
 71
3
 72
8
 73
4
 74
0
 40
0
 40
0
 40
0
 40
0
 40
1
 40
1
 40
1
 40
1
 10
58.846474
 20
210.097870
 30
0.0
 10
57.633087
 20
210.097870
 30
0.0
 10
56.539178
 20
209.366943
 30
0.0
 10
56.074835
 20
208.245920
 30
0.0
  0
SPLINE
  5
124
100
AcDbEntity
  8
Cutouts
 62
7
100
AcDbSpline
 70
8
 71
3
 72
8
 73
4
 74
0
 40
0
 40
0
 40
0
 40
0
 40
1
 40
1
 40
1
 40
1
 10
56.074835
 20
208.245920
 30
0.0
 10
55.610492
 20
207.124897
 30
0.0
 10
55.867160
 20
205.834544
 30
0.0
 10
56.725154
 20
204.976550
 30
0.0
  0
SPLINE
  5
125
100
AcDbEntity
  8
Cutouts
 62
7
100
AcDbSpline
 70
8
 71
3
 72
8
 73
4
 74
0
 40
0
 40
0
 40
0
 40
0
 40
1
 40
1
 40
1
 40
1
 10
56.725154
 20
204.976550
 30
0.0
 10
57.583148
 20
204.118556
 30
0.0
 10
58.873501
 20
203.861888
 30
0.0
 10
59.994524
 20
204.326231
 30
0.0
  0
SPLINE
  5
126
100
AcDbEntity
  8
Cutouts
 62
7
100
AcDbSpline
 70
8
 71
3
 72
8
 73
4
 74
0
 40
0
 40
0
 40
0
 40
0
 40
1
 40
1
 40
1
 40
1
 10
59.994524
 20
204.326231
 30
0.0
 10
61.115547
 20
204.790574
 30
0.0
 10
61.846474
 20
205.884483
 30
0.0
 10
61.846474
 20
207.097870
 30
0.0
  0
SPLINE
  5
127
100
AcDbEntity
  8
Cutouts
 62
7
100
AcDbSpline
 70
8
 71
3
 72
8
 73
4
 74
0
 40
0
 40
0
 40
0
 40
0
 40
1
 40
1
 40
1
 40
1
 10
61.846474
 20
207.097870
 30
0.0
 10
61.846474
 20
207.893519
 30
0.0
 10
61.530403
 20
208.656581
 30
0.0
 10
60.967794
 20
209.219190
 30
0.0
  0
SPLINE
  5
128
100
AcDbEntity
  8
Cutouts
 62
7
100
AcDbSpline
 70
8
 71
3
 72
8
 73
4
 74
0
 40
0
 40
0
 40
0
 40
0
 40
1
 40
1
 40
1
 40
1
 10
60.967794
 20
209.219190
 30
0.0
 10
60.405185
 20
209.781799
 30
0.0
 10
59.642123
 20
210.097870
 30
0.0
 10
58.846474
 20
210.097870
 30
0.0
  0
LWPOLYLINE
  5
129
100
AcDbEntity
  8
Cutouts
 62
7
100
AcDbPolyline
 90
1
 70
1
 10
58.846474
 20
193.647220
 30
0.0
  0
SPLINE
  5
12a
100
AcDbEntity
  8
Cutouts
 62
7
100
AcDbSpline
 70
8
 71
3
 72
8
 73
4
 74
0
 40
0
 40
0
 40
0
 40
0
 40
1
 40
1
 40
1
 40
1
 10
52.496468
 20
121.619160
 30
0.0
 10
50.474157
 20
121.619160
 30
0.0
 10
48.650975
 20
120.400949
 30
0.0
 10
47.877070
 20
118.532577
 30
0.0
  0
SPLINE
  5
12b
100
AcDbEntity
  8
Cutouts
 62
7
100
AcDbSpline
 70
8
 71
3
 72
8
 73
4
 74
0
 40
0
 40
0
 40
0
 40
0
 40
1
 40
1
 40
1
 40
1
 10
47.877070
 20
118.532577
 30
0.0
 10
47.103165
 20
116.664205
 30
0.0
 10
47.530944
 20
114.513616
 30
0.0
 10
48.960934
 20
113.083626
 30
0.0
  0
SPLINE
  5
12c
100
AcDbEntity
  8
Cutouts
 62
7
100
AcDbSpline
 70
8
 71
3
 72
8
 73
4
 74
0
 40
0
 40
0
 40
0
 40
0
 40
1
 40
1
 40
1
 40
1
 10
48.960934
 20
113.083626
 30
0.0
 10
50.390924
 20
111.653636
 30
0.0
 10
52.541513
 20
111.225857
 30
0.0
 10
54.409885
 20
111.999762
 30
0.0
  0
SPLINE
  5
12d
100
AcDbEntity
  8
Cutouts
 62
7
100
AcDbSpline
 70
8
 71
3
 72
8
 73
4
 74
0
 40
0
 40
0
 40
0
 40
0
 40
1
 40
1
 40
1
 40
1
 10
54.409885
 20
111.999762
 30
0.0
 10
56.278257
 20
112.773667
 30
0.0
 10
57.496468
 20
114.596849
 30
0.0
 10
57.496468
 20
116.619160
 30
0.0
  0
SPLINE
  5
12e
100
AcDbEntity
  8
Cutouts
 62
7
100
AcDbSpline
 70
8
 71
3
 72
8
 73
4
 74
0
 40
0
 40
0
 40
0
 40
0
 40
1
 40
1
 40
1
 40
1
 10
57.496468
 20
116.619160
 30
0.0
 10
57.496468
 20
117.945242
 30
0.0
 10
56.969684
 20
119.217012
 30
0.0
 10
56.032002
 20
120.154694
 30
0.0
  0
SPLINE
  5
12f
100
AcDbEntity
  8
Cutouts
 62
7
100
AcDbSpline
 70
8
 71
3
 72
8
 73
4
 74
0
 40
0
 40
0
 40
0
 40
0
 40
1
 40
1
 40
1
 40
1
 10
56.032002
 20
120.154694
 30
0.0
 10
55.094320
 20
121.092376
 30
0.0
 10
53.822550
 20
121.619160
 30
0.0
 10
52.496468
 20
121.619160
 30
0.0
  0
LWPOLYLINE
  5
130
100
AcDbEntity
  8
Cutouts
 62
7
100
AcDbPolyline
 90
1
 70
1
 10
58.846474
 20
210.097870
 30
0.0
  0
SPLINE
  5
131
100
AcDbEntity
  8
Cutouts
 62
7
100
AcDbSpline
 70
8
 71
3
 72
8
 73
4
 74
0
 40
0
 40
0
 40
0
 40
0
 40
1
 40
1
 40
1
 40
1
 10
52.496468
 20
139.766430
 30
0.0
 10
50.474157
 20
139.766430
 30
0.0
 10
48.650975
 20
138.548219
 30
0.0
 10
47.877070
 20
136.679847
 30
0.0
  0
SPLINE
  5
132
100
AcDbEntity
  8
Cutouts
 62
7
100
AcDbSpline
 70
8
 71
3
 72
8
 73
4
 74
0
 40
0
 40
0
 40
0
 40
0
 40
1
 40
1
 40
1
 40
1
 10
47.877070
 20
136.679847
 30
0.0
 10
47.103165
 20
134.811475
 30
0.0
 10
47.530944
 20
132.660886
 30
0.0
 10
48.960934
 20
131.230896
 30
0.0
  0
SPLINE
  5
133
100
AcDbEntity
  8
Cutouts
 62
7
100
AcDbSpline
 70
8
 71
3
 72
8
 73
4
 74
0
 40
0
 40
0
 40
0
 40
0
 40
1
 40
1
 40
1
 40
1
 10
48.960934
 20
131.230896
 30
0.0
 10
50.390924
 20
129.800906
 30
0.0
 10
52.541513
 20
129.373127
 30
0.0
 10
54.409885
 20
130.147032
 30
0.0
  0
SPLINE
  5
134
100
AcDbEntity
  8
Cutouts
 62
7
100
AcDbSpline
 70
8
 71
3
 72
8
 73
4
 74
0
 40
0
 40
0
 40
0
 40
0
 40
1
 40
1
 40
1
 40
1
 10
54.409885
 20
130.147032
 30
0.0
 10
56.278257
 20
130.920937
 30
0.0
 10
57.496468
 20
132.744119
 30
0.0
 10
57.496468
 20
134.766430
 30
0.0
  0
SPLINE
  5
135
100
AcDbEntity
  8
Cutouts
 62
7
100
AcDbSpline
 70
8
 71
3
 72
8
 73
4
 74
0
 40
0
 40
0
 40
0
 40
0
 40
1
 40
1
 40
1
 40
1
 10
57.496468
 20
134.766430
 30
0.0
 10
57.496468
 20
136.092512
 30
0.0
 10
56.969684
 20
137.364282
 30
0.0
 10
56.032002
 20
138.301964
 30
0.0
  0
SPLINE
  5
136
100
AcDbEntity
  8
Cutouts
 62
7
100
AcDbSpline
 70
8
 71
3
 72
8
 73
4
 74
0
 40
0
 40
0
 40
0
 40
0
 40
1
 40
1
 40
1
 40
1
 10
56.032002
 20
138.301964
 30
0.0
 10
55.094320
 20
139.239646
 30
0.0
 10
53.822550
 20
139.766430
 30
0.0
 10
52.496468
 20
139.766430
 30
0.0
  0
LWPOLYLINE
  5
137
100
AcDbEntity
  8
Cutouts
 62
7
100
AcDbPolyline
 90
1
 70
1
 10
52.496468
 20
121.619160
 30
0.0
  0
SPLINE
  5
138
100
AcDbEntity
  8
Cutouts
 62
7
100
AcDbSpline
 70
8
 71
3
 72
8
 73
4
 74
0
 40
0
 40
0
 40
0
 40
0
 40
1
 40
1
 40
1
 40
1
 10
65.196480
 20
139.766430
 30
0.0
 10
63.174169
 20
139.766430
 30
0.0
 10
61.350987
 20
138.548219
 30
0.0
 10
60.577082
 20
136.679847
 30
0.0
  0
SPLINE
  5
139
100
AcDbEntity
  8
Cutouts
 62
7
100
AcDbSpline
 70
8
 71
3
 72
8
 73
4
 74
0
 40
0
 40
0
 40
0
 40
0
 40
1
 40
1
 40
1
 40
1
 10
60.577082
 20
136.679847
 30
0.0
 10
59.803177
 20
134.811475
 30
0.0
 10
60.230956
 20
132.660886
 30
0.0
 10
61.660946
 20
131.230896
 30
0.0
  0
SPLINE
  5
13a
100
AcDbEntity
  8
Cutouts
 62
7
100
AcDbSpline
 70
8
 71
3
 72
8
 73
4
 74
0
 40
0
 40
0
 40
0
 40
0
 40
1
 40
1
 40
1
 40
1
 10
61.660946
 20
131.230896
 30
0.0
 10
63.090936
 20
129.800906
 30
0.0
 10
65.241525
 20
129.373127
 30
0.0
 10
67.109897
 20
130.147032
 30
0.0
  0
SPLINE
  5
13b
100
AcDbEntity
  8
Cutouts
 62
7
100
AcDbSpline
 70
8
 71
3
 72
8
 73
4
 74
0
 40
0
 40
0
 40
0
 40
0
 40
1
 40
1
 40
1
 40
1
 10
67.109897
 20
130.147032
 30
0.0
 10
68.978269
 20
130.920937
 30
0.0
 10
70.196480
 20
132.744119
 30
0.0
 10
70.196480
 20
134.766430
 30
0.0
  0
SPLINE
  5
13c
100
AcDbEntity
  8
Cutouts
 62
7
100
AcDbSpline
 70
8
 71
3
 72
8
 73
4
 74
0
 40
0
 40
0
 40
0
 40
0
 40
1
 40
1
 40
1
 40
1
 10
70.196480
 20
134.766430
 30
0.0
 10
70.196480
 20
136.092512
 30
0.0
 10
69.669696
 20
137.364282
 30
0.0
 10
68.732014
 20
138.301964
 30
0.0
  0
SPLINE
  5
13d
100
AcDbEntity
  8
Cutouts
 62
7
100
AcDbSpline
 70
8
 71
3
 72
8
 73
4
 74
0
 40
0
 40
0
 40
0
 40
0
 40
1
 40
1
 40
1
 40
1
 10
68.732014
 20
138.301964
 30
0.0
 10
67.794332
 20
139.239646
 30
0.0
 10
66.522562
 20
139.766430
 30
0.0
 10
65.196480
 20
139.766430
 30
0.0
  0
LWPOLYLINE
  5
13e
100
AcDbEntity
  8
Cutouts
 62
7
100
AcDbPolyline
 90
1
 70
1
 10
52.496468
 20
139.766430
 30
0.0
  0
SPLINE
  5
13f
100
AcDbEntity
  8
Cutouts
 62
7
100
AcDbSpline
 70
8
 71
3
 72
8
 73
4
 74
0
 40
0
 40
0
 40
0
 40
0
 40
1
 40
1
 40
1
 40
1
 10
53.508144
 20
159.288270
 30
0.0
 10
52.901451
 20
159.288270
 30
0.0
 10
52.354496
 20
158.922807
 30
0.0
 10
52.122325
 20
158.362295
 30
0.0
  0
SPLINE
  5
140
100
AcDbEntity
  8
Cutouts
 62
7
100
AcDbSpline
 70
8
 71
3
 72
8
 73
4
 74
0
 40
0
 40
0
 40
0
 40
0
 40
1
 40
1
 40
1
 40
1
 10
52.122325
 20
158.362295
 30
0.0
 10
51.890153
 20
157.801784
 30
0.0
 10
52.018487
 20
157.156607
 30
0.0
 10
52.447484
 20
156.727610
 30
0.0
  0
SPLINE
  5
141
100
AcDbEntity
  8
Cutouts
 62
7
100
AcDbSpline
 70
8
 71
3
 72
8
 73
4
 74
0
 40
0
 40
0
 40
0
 40
0
 40
1
 40
1
 40
1
 40
1
 10
52.447484
 20
156.727610
 30
0.0
 10
52.876481
 20
156.298613
 30
0.0
 10
53.521658
 20
156.170279
 30
0.0
 10
54.082169
 20
156.402451
 30
0.0
  0
SPLINE
  5
142
100
AcDbEntity
  8
Cutouts
 62
7
100
AcDbSpline
 70
8
 71
3
 72
8
 73
4
 74
0
 40
0
 40
0
 40
0
 40
0
 40
1
 40
1
 40
1
 40
1
 10
54.082169
 20
156.402451
 30
0.0
 10
54.642681
 20
156.634622
 30
0.0
 10
55.008144
 20
157.181577
 30
0.0
 10
55.008144
 20
157.788270
 30
0.0
  0
SPLINE
  5
143
100
AcDbEntity
  8
Cutouts
 62
7
100
AcDbSpline
 70
8
 71
3
 72
8
 73
4
 74
0
 40
0
 40
0
 40
0
 40
0
 40
1
 40
1
 40
1
 40
1
 10
55.008144
 20
157.788270
 30
0.0
 10
55.008144
 20
158.186095
 30
0.0
 10
54.850109
 20
158.567626
 30
0.0
 10
54.568804
 20
158.848930
 30
0.0
  0
SPLINE
  5
144
100
AcDbEntity
  8
Cutouts
 62
7
100
AcDbSpline
 70
8
 71
3
 72
8
 73
4
 74
0
 40
0
 40
0
 40
0
 40
0
 40
1
 40
1
 40
1
 40
1
 10
54.568804
 20
158.848930
 30
0.0
 10
54.287500
 20
159.130235
 30
0.0
 10
53.905969
 20
159.288270
 30
0.0
 10
53.508144
 20
159.288270
 30
0.0
  0
LWPOLYLINE
  5
145
100
AcDbEntity
  8
Cutouts
 62
7
100
AcDbPolyline
 90
1
 70
1
 10
65.196480
 20
139.766430
 30
0.0
  0
SPLINE
  5
146
100
AcDbEntity
  8
Cutouts
 62
7
100
AcDbSpline
 70
8
 71
3
 72
8
 73
4
 74
0
 40
0
 40
0
 40
0
 40
0
 40
1
 40
1
 40
1
 40
1
 10
53.508144
 20
149.456280
 30
0.0
 10
52.901451
 20
149.456280
 30
0.0
 10
52.354496
 20
149.090817
 30
0.0
 10
52.122325
 20
148.530305
 30
0.0
  0
SPLINE
  5
147
100
AcDbEntity
  8
Cutouts
 62
7
100
AcDbSpline
 70
8
 71
3
 72
8
 73
4
 74
0
 40
0
 40
0
 40
0
 40
0
 40
1
 40
1
 40
1
 40
1
 10
52.122325
 20
148.530305
 30
0.0
 10
51.890153
 20
147.969794
 30
0.0
 10
52.018487
 20
147.324617
 30
0.0
 10
52.447484
 20
146.895620
 30
0.0
  0
SPLINE
  5
148
100
AcDbEntity
  8
Cutouts
 62
7
100
AcDbSpline
 70
8
 71
3
 72
8
 73
4
 74
0
 40
0
 40
0
 40
0
 40
0
 40
1
 40
1
 40
1
 40
1
 10
52.447484
 20
146.895620
 30
0.0
 10
52.876481
 20
146.466623
 30
0.0
 10
53.521658
 20
146.338289
 30
0.0
 10
54.082169
 20
146.570461
 30
0.0
  0
SPLINE
  5
149
100
AcDbEntity
  8
Cutouts
 62
7
100
AcDbSpline
 70
8
 71
3
 72
8
 73
4
 74
0
 40
0
 40
0
 40
0
 40
0
 40
1
 40
1
 40
1
 40
1
 10
54.082169
 20
146.570461
 30
0.0
 10
54.642681
 20
146.802632
 30
0.0
 10
55.008144
 20
147.349587
 30
0.0
 10
55.008144
 20
147.956280
 30
0.0
  0
SPLINE
  5
14a
100
AcDbEntity
  8
Cutouts
 62
7
100
AcDbSpline
 70
8
 71
3
 72
8
 73
4
 74
0
 40
0
 40
0
 40
0
 40
0
 40
1
 40
1
 40
1
 40
1
 10
55.008144
 20
147.956280
 30
0.0
 10
55.008144
 20
148.354105
 30
0.0
 10
54.850109
 20
148.735636
 30
0.0
 10
54.568804
 20
149.016940
 30
0.0
  0
SPLINE
  5
14b
100
AcDbEntity
  8
Cutouts
 62
7
100
AcDbSpline
 70
8
 71
3
 72
8
 73
4
 74
0
 40
0
 40
0
 40
0
 40
0
 40
1
 40
1
 40
1
 40
1
 10
54.568804
 20
149.016940
 30
0.0
 10
54.287500
 20
149.298245
 30
0.0
 10
53.905969
 20
149.456280
 30
0.0
 10
53.508144
 20
149.456280
 30
0.0
  0
LWPOLYLINE
  5
14c
100
AcDbEntity
  8
Cutouts
 62
7
100
AcDbPolyline
 90
1
 70
1
 10
53.508144
 20
159.288270
 30
0.0
  0
SPLINE
  5
14d
100
AcDbEntity
  8
Cutouts
 62
7
100
AcDbSpline
 70
8
 71
3
 72
8
 73
4
 74
0
 40
0
 40
0
 40
0
 40
0
 40
1
 40
1
 40
1
 40
1
 10
64.519585
 20
149.456280
 30
0.0
 10
63.912892
 20
149.456280
 30
0.0
 10
63.365937
 20
149.090817
 30
0.0
 10
63.133766
 20
148.530305
 30
0.0
  0
SPLINE
  5
14e
100
AcDbEntity
  8
Cutouts
 62
7
100
AcDbSpline
 70
8
 71
3
 72
8
 73
4
 74
0
 40
0
 40
0
 40
0
 40
0
 40
1
 40
1
 40
1
 40
1
 10
63.133766
 20
148.530305
 30
0.0
 10
62.901594
 20
147.969794
 30
0.0
 10
63.029928
 20
147.324617
 30
0.0
 10
63.458925
 20
146.895620
 30
0.0
  0
SPLINE
  5
14f
100
AcDbEntity
  8
Cutouts
 62
7
100
AcDbSpline
 70
8
 71
3
 72
8
 73
4
 74
0
 40
0
 40
0
 40
0
 40
0
 40
1
 40
1
 40
1
 40
1
 10
63.458925
 20
146.895620
 30
0.0
 10
63.887922
 20
146.466623
 30
0.0
 10
64.533099
 20
146.338289
 30
0.0
 10
65.093610
 20
146.570461
 30
0.0
  0
SPLINE
  5
150
100
AcDbEntity
  8
Cutouts
 62
7
100
AcDbSpline
 70
8
 71
3
 72
8
 73
4
 74
0
 40
0
 40
0
 40
0
 40
0
 40
1
 40
1
 40
1
 40
1
 10
65.093610
 20
146.570461
 30
0.0
 10
65.654122
 20
146.802632
 30
0.0
 10
66.019585
 20
147.349587
 30
0.0
 10
66.019585
 20
147.956280
 30
0.0
  0
SPLINE
  5
151
100
AcDbEntity
  8
Cutouts
 62
7
100
AcDbSpline
 70
8
 71
3
 72
8
 73
4
 74
0
 40
0
 40
0
 40
0
 40
0
 40
1
 40
1
 40
1
 40
1
 10
66.019585
 20
147.956280
 30
0.0
 10
66.019585
 20
148.354105
 30
0.0
 10
65.861550
 20
148.735636
 30
0.0
 10
65.580245
 20
149.016940
 30
0.0
  0
SPLINE
  5
152
100
AcDbEntity
  8
Cutouts
 62
7
100
AcDbSpline
 70
8
 71
3
 72
8
 73
4
 74
0
 40
0
 40
0
 40
0
 40
0
 40
1
 40
1
 40
1
 40
1
 10
65.580245
 20
149.016940
 30
0.0
 10
65.298941
 20
149.298245
 30
0.0
 10
64.917410
 20
149.456280
 30
0.0
 10
64.519585
 20
149.456280
 30
0.0
  0
LWPOLYLINE
  5
153
100
AcDbEntity
  8
Cutouts
 62
7
100
AcDbPolyline
 90
1
 70
1
 10
53.508144
 20
149.456280
 30
0.0
  0
SPLINE
  5
154
100
AcDbEntity
  8
Cutouts
 62
7
100
AcDbSpline
 70
8
 71
3
 72
8
 73
4
 74
0
 40
0
 40
0
 40
0
 40
0
 40
1
 40
1
 40
1
 40
1
 10
64.519585
 20
159.288270
 30
0.0
 10
63.912892
 20
159.288270
 30
0.0
 10
63.365937
 20
158.922807
 30
0.0
 10
63.133766
 20
158.362295
 30
0.0
  0
SPLINE
  5
155
100
AcDbEntity
  8
Cutouts
 62
7
100
AcDbSpline
 70
8
 71
3
 72
8
 73
4
 74
0
 40
0
 40
0
 40
0
 40
0
 40
1
 40
1
 40
1
 40
1
 10
63.133766
 20
158.362295
 30
0.0
 10
62.901594
 20
157.801784
 30
0.0
 10
63.029928
 20
157.156607
 30
0.0
 10
63.458925
 20
156.727610
 30
0.0
  0
SPLINE
  5
156
100
AcDbEntity
  8
Cutouts
 62
7
100
AcDbSpline
 70
8
 71
3
 72
8
 73
4
 74
0
 40
0
 40
0
 40
0
 40
0
 40
1
 40
1
 40
1
 40
1
 10
63.458925
 20
156.727610
 30
0.0
 10
63.887922
 20
156.298613
 30
0.0
 10
64.533099
 20
156.170279
 30
0.0
 10
65.093610
 20
156.402451
 30
0.0
  0
SPLINE
  5
157
100
AcDbEntity
  8
Cutouts
 62
7
100
AcDbSpline
 70
8
 71
3
 72
8
 73
4
 74
0
 40
0
 40
0
 40
0
 40
0
 40
1
 40
1
 40
1
 40
1
 10
65.093610
 20
156.402451
 30
0.0
 10
65.654122
 20
156.634622
 30
0.0
 10
66.019585
 20
157.181577
 30
0.0
 10
66.019585
 20
157.788270
 30
0.0
  0
SPLINE
  5
158
100
AcDbEntity
  8
Cutouts
 62
7
100
AcDbSpline
 70
8
 71
3
 72
8
 73
4
 74
0
 40
0
 40
0
 40
0
 40
0
 40
1
 40
1
 40
1
 40
1
 10
66.019585
 20
157.788270
 30
0.0
 10
66.019585
 20
158.186095
 30
0.0
 10
65.861550
 20
158.567626
 30
0.0
 10
65.580245
 20
158.848930
 30
0.0
  0
SPLINE
  5
159
100
AcDbEntity
  8
Cutouts
 62
7
100
AcDbSpline
 70
8
 71
3
 72
8
 73
4
 74
0
 40
0
 40
0
 40
0
 40
0
 40
1
 40
1
 40
1
 40
1
 10
65.580245
 20
158.848930
 30
0.0
 10
65.298941
 20
159.130235
 30
0.0
 10
64.917410
 20
159.288270
 30
0.0
 10
64.519585
 20
159.288270
 30
0.0
  0
LWPOLYLINE
  5
15a
100
AcDbEntity
  8
Cutouts
 62
7
100
AcDbPolyline
 90
1
 70
1
 10
64.519585
 20
149.456280
 30
0.0
  0
LWPOLYLINE
  5
15b
100
AcDbEntity
  8
Cutouts
 62
7
100
AcDbPolyline
 90
1
 70
1
 10
64.519585
 20
159.288270
 30
0.0
  0
ENDSEC
  0
SECTION
  2
OBJECTS
  0
DICTIONARY
  5
C
330
0
100
AcDbDictionary
  3
ACAD_GROUP
350
D
  3
ACAD_MLINESTYLE
350
17
  0
DICTIONARY
  5
D
330
C
100
AcDbDictionary
  0
DICTIONARY
  5
1A
330
C
100
AcDbDictionary
  0
DICTIONARY
  5
17
330
C
100
AcDbDictionary
  3
STANDARD
350
18
  0
DICTIONARY
  5
19
330
C
100
AcDbDictionary
  0
ENDSEC
  0
EOF
